03532 15 404 605
54 11 4310 1800
54 03863 462212
4246 9148 / 15 4056 4655
4467 8418 / 15 6227 1972

54-342-4910275
54 0341 420 0941
02922 466006 / Cel. 02923 15 416152
"0261-4629121	"
156767 5115
32215919
15 6219 7685
"0261-4243727	    0261155724316"
0342 475 5900




1569789436             4310-9500 int 9840
02325 15653934
54 0381 426 8300
15 3117 6888
4785-8155
011 4310 1300
(0341)5304418, (0341)155009179
54 11 4653 5911
0261 4233037
(011) 4733-7800
543447425329
54 11 5432 1800
03525 405934
03525 405934
54 11 66456119 
54 0223 4916363
011-4746 8881

54 11 4827 0709         54 11 5008 6964
0221 469 4891
4003-6703    4003-7000
54 0260 4449600
0261-696-7848
54 11 5167 2300
"0261-509 5643	"
54 261 4909900 / 4909971
(011) 4639-1999
4202 5956
54 0381 451 3000
4378 1628
02267 425 427
54 0261 4233926
(0385) 437 0093
54 3754 422 000
54 11 4341 6200          54 9 11 5526 4928
54 11 4365 2000
54 342 4892111
54 11 4624 2937

03496 428906
54 11 4586-7888


4775-8147/8684
15 4175 0240
54 11 4341 4000
5082-8000 / INT.140 / 197
54 11 4733-1000 Ext. 61497
54 11 5219-4590
54 261 4900190 / 226
54 261 4990010 / 54 9 261 5182855
54 011 4378365
54 11 4555 3030
0351 15354 2244
011-51989021
4836 2253 / 15 6802 8876
0343 15 621 0816
5368 7400

54 11 4852 2200

54 0298 4439600
03329 439720
54 261 4246301
54 03525 15413936
0264 49104426
54  0299 489 9600
54 11 4588.4600
0261 4973 400 / 4975 004 

0220 489 0628
02364 437135

011 4719 7320
54 03482 438200
54 3572 423748 
54 11 4010 7600
54 0381 420 4477
02954 15665989

54 358 4024598
54 11 4736 6500
54 11 5520 1000
5491157375261
0261-520-7200

54 11 5648 6648      54 9 11 4050 5554

541151948400
02944 652233
54 342 4960011 
(03327) 44-6767





(0358) 4630494
'54 11 4733-1000



(011) 4361-0516 / (011) 4361-0666
(011) 4618-0000
0388 472 4334
0351  4976010
5256 6699
0261-4972013 
543447475100
0342 154 720 158
543562506562
03496 421948 - Interno 200
54 3564 461145 int 119
02320 409 915

4378 1699
03404 420 708

4566 4051 / 15 4041 2007
4566 4051 / 15 4175 1815
54-342-4961112
54 03532 492015
54 11 4721-8900
4019-6666
54 02324 4390000
54 0237 4859 000


0342 450 1200
(011) 4331-2890 / (011) 4331-3150
(011) 4340-1100 / (011) 4340-1104
03571 612992
15 5582 2424
4858-0511
0352 1408829
0351 2050503
47035860
03543 446719
011-43401336 
0261 15 467 1021
 011 – 5077.8200 / 5077.8222

54 0341 4921801
(011) 4753-4910 / (011) 4753-2104
54 11 5533 5000


54 351 493 8400
54 9 351 249 9347
"	54-261-4131100"
03525 154 88682
54 9 261 507-5191
54 0342 491 7080
54 0342 491 7080
0342 457 0524
54 340 2461412
54 11 4489 9100
54 11 4489 9100 int 9169
54 11 4721 8300         
54 11 8721 8343
54 03493 428000
(011) 5861-6100
02392 471012 / 471068
0351 494 9000
0351 384 9995
(011) 4774-5195




54 342 4593111
54 261 524 9161/62
54-3405-688080
54 261 488 0058
598 2916 6727
54-261-438 0021 
(011) 5556-1111
54 261 4960333 / 4961380
02614961680

54-341-4362830 
0353 6571525
4726-4272 / Cel.1549920187
0341 5280011/12
54-261-5207605
 00 54 3498 480001
0230-4-496581
54-911-52625881 
4462 4900
54-11-43711236/ cel: 5491150641630 
54 0351 156092055
54 0351 156092055
4509 2555
 54-911-57829180 
54-011-43438009 /43438006 
54 3564 15594355 
54 3868 421850
15 3756 8888
54 261 4130200 / 0212
54 11 4328 7897 / 4131 2850
54 11 4611 0100
4342 3439
54 261 5247856 
54 (0261) 4972246 / 54 9 261 524-4805
 54 261 4987385
0261 429 0741
54 0261- 153 708549
54-011-47476916
54-261-4398596
54-261-4235528 
0261 4880218
54 11 4014-4500 Int. 417
54 11 4014-4500
54 11 4014-4500 Int. 417

54 11 4573-6700 
00 54 3492 438200
0261 423 5346
54 0348 4445500
'54 0348 4446039
011 4523.5339
54 0261 – 4245249
0353 453 1378
0342 452 4070 int. 101
4304-0451

5219-0686
4372-7275
0351 4233987
54 11 4777 6700
(0351) 4217011
0261 4238905


0299-4773928
4671-6591
4383-2360
4951-4283
4331-9866
4383-0262 / 0438
4611-7117
4313-5666
5411 4510 1799     15 5565 5432
4331-7777
4383-3037
5218-8870



0341 425 7147
0264 154840374
54 264 421 8035
0342 455 4511
4324 7449
54 345 4230411 
4322-3331
4814-1230
0261-4257073
4326.5767 / 0125
4515-8200 INT.3324
0351-4690578/586
4964 0790
4394-0257
4314-1506
54 11 4983 0587 / 6149 / 1865

4317 0700 int.615
4394-9694/9734
4311 - 3006
5238-1239
4311-0898 / 4312-8717
4311-2882
48227733
5238-6069
0343-4208899
0342 457 1533
4489 7723
15 5910 7978
4349 3432
4349 3432
0280 4482603/607 Int. 294

0343 420229
0343 474 1525
0342 450 5374

033 295 40698
0351 4343066 / 0351 1523 66761




4431-4064 / 0099
4659 2199
0261-4255182
54 3537 15 382342
011 5352 0214
4627 5325

"0261-4293237	"
0261-4819205


(5411) 4480 3500 – 4441 2200
011-4312 8980 / 4315 3911
(0387) 4222073
02284 421 698
(02323) 43-0505
"0261-6707303	"
(011) 4687-6512  (011) 4687-3108  -
54 (0) 11 48728199 
(011) 4921-6051   (011) 4921-6052
4652 8361
5083 2051
(011) 4730-8000


(011) 4762-0293
(011) 4394-7831
4766-4008
54 3571 502272
0237-485 8600
4217 1585
54 11 4903 4889
0261-4988369
0261-4203643
54  2622 470717
02622-470717
0261-4964684
54 11 4743 4044
"0261-4299299	"
54 2346 491500
(011) 4253-5224
"0261-4340303	"
"0261-5241177	"
09261-2560374
011 3220 1699
"026015-4600141	02604-446244"
54 0341 4106100
54-(0)342 - 4904600
 54 9 342 406 9989
54 3564 445811
1162861186
"0261-2410081	"
"0261-5247861	"
0261 4980877
02622-499124
(54 11) 4382-8332
"0387-4393911	"

"011 4975 0731	"
"011-43730887	"
"0261-4963078	"
"0341-4633640	"
"03868-494200	"
"0261-4295155	"
0261-524 2290
"0299-4948871	"
"0299-155079957	"
54 261 4973400
"0261-5620354	"
"011-46553333	"
54 261 4230604 
"0261-4287059	"
011-4771-7227
54 0261 4880608
"0299-5817139	"
0261-4311005 / 4319139
"0261-4258322	"
(011) 48137409 (011) 62189096
011-48169028
54 0261 498 9550
0261-154850301 - 1152203184
54 011 5988-3476
"0261-4524364	"
"0261-4989400	"
0261-4817420
"0261-4246477	"
54 0261 4990053 
"011-43133330	"
54 11 4701 9092
"0261-5207219	"
"0261-4961476	"
54 351 4734065
0341-6812450
1169548008
4299-5600

(0223) 491-6363
4488 4165

54 11 4584 6000
(0341) 459-8000
54 353 4615474
 54 261 499 0470
0261-4990470 / 5241629
4461-0000 4441-1111
"011-4805-6902	"
"0264-4236632	"
011 4200-2322 / 0553

0261-4921683
0261-4256275
54 3564 445833

54 11 4349 1700

011-4813 0081

0261-4961285 - 4960321

 54 0358 4677000 
0381 484 2800
4442 5929

54 3624497740
0353 – 4877024 / 7060 / 7018 / 7366


"0261 6233502	"
4659 7998
4441 4917
54-11-43450091

0358 – 493 3333
15 4773 8960
(011) 4931-0934

54 (11) 4312-1725
  54 261 4308176
(011) 4021-4700
011-45441400 
4923-5634

0261-5155616 

54-342-4584245
0261-4705400 

(011) 4602-5411 (011) 4638-0726
0220-477-0448 / 0220-477-4513
0261-5274048 
011-43738365
(011) 4488-4963
(011) 4759-1342 (011) 4759-3697
0223-156852631
0261-6847018 
4361-7738

00 54 351 4818314 / 4812491
(011) 4653-2343
54 3496  422920

0341 4558 6812
0221 451 2892
011-47350662 
0295 444 3354


54-342-4995920/21/22
4258 2343
4622 6729
(011) 4303-1162
0261-4-973400 
4393 4907
(011) 4918-9055 / (011) 4918-3848
0261-4985741 
0261-4499919 
0261-4410000 
54 3468 472838

02227 422 987
02346 426 649
02323 495 017
011-46879334 

0261-5249358/59 
0221-4714402 
011-5238 6023 / 26

0261-5244747
911-41589888
0261-4527769
54 3544 483175
0261-4242418
03868-421709
0261-4258322

0261-4961240 

54 351 4998803
54-342-4911402
4734 1439
4482 6942
0260-4430020
0358 – 4057100
0261-5242460 

(011) 4303-0457 / (011) 4303-0459
03572- 421012/09
(011) 4709-8900
54 3546 15510078
0358 – 4980514 / 241 / 444 / 622 / 625
(011) 4283-1003
011-7080044 
(0221) 155035308

0358 – 4932500 / 4932444
(0351) 497 7578

54 0230 4464586

54 93447625443
54 11 15 6395 3597
02202 495 142
0054 11 4861-6603

47662123
(54 11) 4733 5700
0261-4790222 
54 261 4790222 
9261-6860006
4717 2124



0358 – 4930711 / 2065
(011) 4811-0547
0351 464 3273


 02322 384440
0261-5243755 // 4200821
 0358 – 4930680
0261-476 1111/ 1114 
4306-6708 / (011) 4306-5722

54 0221 484 2201

0261-4134400 
0261-4137182 
4322-0238
011-4328-4868/3883 

03492 496013/123
54 11 4374 8055
4321 6800
011-45412222 
 54 3814538030


(011) 4849-0700

 0353 – 4886015 / 6077 / 6114 / 6020
0358 – 4931345 / 4931959
0261-4914541 
0261-4310403 


011-4704-0666 
0261 424 2746
 03532 – 492015 / 052 / 333
0223 410 8097
011-47341151 
0358 – 4883110 / 3121 / 3122
0353 – 4885065
03584 – 422221 / 422220

011-1531459970 
0261-4293237 

02346 431 692
0261-4243400 
9261-155616691 

0261-5248040 
0261-5241621 

02475 46 3807
0054 11 4719 8200
03464 420757




02261 443737
0237 465 4629
4981 6599

0343 426 1635
0341 4554182


03406 441272

54-3498-428181
02346 470648



03532 492 014
0358 4422000

02983 432 469


02925 493445
0261-4986677 
02622-422209 

011-4343-3488 
011 – 4773.9142
0261-4296885 
54 351 4831140
54-343-4221188

011-57762940 
549 351 324 1674
 54 (0353) 4531901
0298-154530414 


1134595637

0353 488 9220 / 9217 / 9210
54 11 45010302
0341 4727300
03414 254300

 54 614202768
0261-4790122 
0223 4825113
54 30514811153
0237 462 1313
4854 0930
(011) 4785-3399

0358 – 4930670 / 672
(011) 4652-1499
03564- 430425
0261-4821181 
43040909
0261-4400066/ 00077 


0261-4910459 - 4912458
0261-5244416 

0261-4877014 

54-3462-423071
5411 4270-2828
02396 473222
011-5217-6730 

0353 453 3573



011-4321-8400 
03493 428000
54-342-4521126
1148674630
011-48137409 
4758 1112
0353 – 4960348 / 4962660
0261-4914409 
0261-4203733 
0261-6881211
(011) 4304-1524 / (011) 4306-1141



54 261 498 9200
4854 7502

54 11 4866 1444
(011) 4566-3764 / (011) 4568-6444

1147662123
4781 6799 / 4784 5091

54 342-4528160 INT. 104
549 341 5454440
54 261 4137100
54 03482 481149
02945 452010 / 450413 



